Applying this rigid transformation to: cloud_in -> cloud_icp
Rotation matrix :
    |  0.924 -0.383  0.000 |
R = |  0.383  0.924  0.000 |
    |  0.000  0.000  1.000 |
Translation vector :
t = <  0.000,  0.000,  0.400 >

Applied 1 ICP iteration(s) in 10352 ms

ICP has converged, score is 0.0615059

ICP transformation 1 : cloud_icp -> cloud_in
Rotation matrix :
    |  0.995  0.094 -0.023 |
R = | -0.097  0.986 -0.135 |
    |  0.010  0.137  0.991 |
Translation vector :
t = <  0.030,  0.060, -0.359 >

Applied 1 ICP iteration in 5122 ms
[11A
ICP has converged, score is +1e-04

ICP transformation 2 : cloud_icp -> cloud_in
Rotation matrix :
    |  0.992  0.123 -0.005 |
R = | -0.122  0.981 -0.149 |
    | -0.013  0.149  0.989 |
Translation vector :
t = <  0.027,  0.062, -0.376 >

Applied 1 ICP iteration in 4786 ms
[11A
ICP has converged, score is +8e-05

ICP transformation 3 : cloud_icp -> cloud_in
Rotation matrix :
    |  0.989  0.147  0.017 |
R = | -0.142  0.976 -0.162 |
    | -0.040  0.158  0.987 |
Translation vector :
t = <  0.025,  0.065, -0.387 >

Applied 1 ICP iteration in 4062 ms
[11A
ICP has converged, score is +5e-05

ICP transformation 4 : cloud_icp -> cloud_in
Rotation matrix :
    |  0.985  0.169  0.030 |
R = | -0.162  0.973 -0.166 |
    | -0.057  0.159  0.986 |
Translation vector :
t = <  0.024,  0.067, -0.394 >

Applied 1 ICP iteration in 3561 ms
[11A
ICP has converged, score is +3e-05

ICP transformation 5 : cloud_icp -> cloud_in
Rotation matrix :
    |  0.981  0.190  0.036 |
R = | -0.181  0.970 -0.165 |
    | -0.066  0.155  0.986 |
Translation vector :
t = <  0.023,  0.068, -0.398 >

Applied 1 ICP iteration in 3249 ms
[11A
ICP has converged, score is +2e-05

ICP transformation 6 : cloud_icp -> cloud_in
Rotation matrix :
    |  0.977  0.210  0.037 |
R = | -0.202  0.967 -0.158 |
    | -0.069  0.147  0.987 |
Translation vector :
t = <  0.022,  0.069, -0.401 >

Applied 1 ICP iteration in 3041 ms
[11A
ICP has converged, score is +2e-05

ICP transformation 7 : cloud_icp -> cloud_in
Rotation matrix :
    |  0.973  0.228  0.037 |
R = | -0.221  0.964 -0.149 |
    | -0.070  0.136  0.988 |
Translation vector :
t = <  0.021,  0.069, -0.402 >

Applied 1 ICP iteration in 2965 ms
[11A
ICP has converged, score is +1e-05

ICP transformation 8 : cloud_icp -> cloud_in
Rotation matrix :
    |  0.969  0.246  0.037 |
R = | -0.239  0.961 -0.138 |
    | -0.069  0.125  0.990 |
Translation vector :
t = <  0.019,  0.070, -0.402 >

Applied 1 ICP iteration in 2781 ms
[11A
ICP has converged, score is +1e-05

ICP transformation 9 : cloud_icp -> cloud_in
Rotation matrix :
    |  0.965  0.261  0.037 |
R = | -0.255  0.959 -0.127 |
    | -0.068  0.113  0.991 |
Translation vector :
t = <  0.018,  0.070, -0.402 >

Applied 1 ICP iteration in 2855 ms
[11A
ICP has converged, score is +8e-06

ICP transformation 10 : cloud_icp -> cloud_in
Rotation matrix :
    |  0.961  0.275  0.037 |
R = | -0.269  0.956 -0.116 |
    | -0.068  0.101  0.993 |
Translation vector :
t = <  0.017,  0.070, -0.402 >

Applied 1 ICP iteration in 2829 ms
[11A
ICP has converged, score is +7e-06

ICP transformation 11 : cloud_icp -> cloud_in
Rotation matrix :
    |  0.957  0.288  0.038 |
R = | -0.282  0.953 -0.105 |
    | -0.067  0.090  0.994 |
Translation vector :
t = <  0.016,  0.070, -0.401 >

Applied 1 ICP iteration in 2612 ms
[11A
ICP has converged, score is +5e-06

ICP transformation 12 : cloud_icp -> cloud_in
Rotation matrix :
    |  0.953  0.299  0.040 |
R = | -0.294  0.951 -0.095 |
    | -0.066  0.079  0.995 |
Translation vector :
t = <  0.015,  0.070, -0.400 >

Applied 1 ICP iteration in 2568 ms
[11A
ICP has converged, score is +4e-06

ICP transformation 13 : cloud_icp -> cloud_in
Rotation matrix :
    |  0.950  0.309  0.042 |
R = | -0.305  0.949 -0.085 |
    | -0.066  0.068  0.995 |
Translation vector :
t = <  0.014,  0.070, -0.400 >

Applied 1 ICP iteration in 2784 ms
[11A
ICP has converged, score is +3e-06

ICP transformation 14 : cloud_icp -> cloud_in
Rotation matrix :
    |  0.947  0.318  0.044 |
R = | -0.315  0.946 -0.076 |
    | -0.066  0.058  0.996 |
Translation vector :
t = <  0.013,  0.070, -0.399 >

Applied 1 ICP iteration in 2526 ms
[11A
ICP has converged, score is +2e-06

ICP transformation 15 : cloud_icp -> cloud_in
Rotation matrix :
    |  0.944  0.326  0.047 |
R = | -0.323  0.944 -0.067 |
    | -0.066  0.048  0.997 |
Translation vector :
t = <  0.012,  0.070, -0.398 >

Applied 1 ICP iteration in 2520 ms
[11A
ICP has converged, score is +2e-06

ICP transformation 16 : cloud_icp -> cloud_in
Rotation matrix :
    |  0.942  0.333  0.050 |
R = | -0.330  0.942 -0.060 |
    | -0.067  0.040  0.997 |
Translation vector :
t = <  0.012,  0.070, -0.397 >

Applied 1 ICP iteration in 2507 ms
[11A
ICP has converged, score is +1e-06

ICP transformation 17 : cloud_icp -> cloud_in
Rotation matrix :
    |  0.939  0.339  0.052 |
R = | -0.336  0.940 -0.052 |
    | -0.067  0.032  0.997 |
Translation vector :
t = <  0.011,  0.070, -0.397 >

Applied 1 ICP iteration in 2632 ms
[11A
ICP has converged, score is +1e-06

ICP transformation 18 : cloud_icp -> cloud_in
Rotation matrix :
    |  0.937  0.344  0.055 |
R = | -0.342  0.939 -0.046 |
    | -0.068  0.025  0.997 |
Translation vector :
t = <  0.011,  0.070, -0.396 >

Applied 1 ICP iteration in 2611 ms
[11A
ICP has converged, score is +8e-07

ICP transformation 19 : cloud_icp -> cloud_in
Rotation matrix :
    |  0.936  0.348  0.058 |
R = | -0.346  0.937 -0.041 |
    | -0.068  0.018  0.997 |
Translation vector :
t = <  0.010,  0.070, -0.396 >

Applied 1 ICP iteration in 2606 ms
[11A
ICP has converged, score is +7e-07

ICP transformation 20 : cloud_icp -> cloud_in
Rotation matrix :
    |  0.934  0.351  0.061 |
R = | -0.349  0.936 -0.036 |
    | -0.070  0.013  0.997 |
Translation vector :
t = <  0.010,  0.070, -0.395 >